0 0011 000A 0000 0000 0000 0000 0000 0000 0001 0008 0009 000A
80 0022 000A 0000 0000 0000 0000 0080 0000 0002 0008 0009 000A
F4 0002 000A 0000 0000 0000 0000 00F4 0000 0003 0008 0009 000A
174 0010 000A 0000 0000 0000 0000 0174 0000 0004 0008 0009 000A
1ED 0021 000A 0000 0000 0000 0000 01ED 0000 0005 0008 0009 000A
27B 0011 000A 0000 0000 0000 0000 027B 0000 0006 0008 0009 000A
301 0010 000A 0000 0000 0000 0000 0301 0000 0007 0008 0009 000A
381 0002 000A 0000 0000 0000 0000 0381 0000 0008 0008 0009 000A
407 0020 000A 0000 0000 0000 0000 0407 0000 0009 0008 0009 000A
487 0010 000A 0000 0000 0000 0000 0487 0000 000A 0008 0009 000A
