0 0002 000A 0010 0000 0000 0000 0000 0000 001F 0008 0009 000A
80 0021 000A 0010 0000 0000 0000 0080 0000 0020 0008 0009 000A
F9 0022 000A 0010 0000 0000 0000 00F9 0000 0021 0008 0009 000A
179 0012 000A 0010 0000 0000 0000 0179 0000 0022 0008 0009 000A
1ED 0000 000A 0010 0000 0000 0000 01ED 0000 0023 0008 0009 000A
266 0012 000A 0010 0000 0000 0000 0266 0000 0024 0008 0009 000A
2E6 0000 000A 0010 0000 0000 0000 02E6 0000 0025 0008 0009 000A
366 0012 000A 0010 0000 0000 0000 0366 0000 0026 0008 0009 000A
3EC 0011 000A 0010 0000 0000 0000 03EC 0000 0027 0008 0009 000A
472 0020 000A 0010 0000 0000 0000 0472 0000 0028 0008 0009 000A
