0 0010 000A 0020 0000 0000 0000 0000 0000 003D 0008 0009 000A
86 0022 000A 0020 0000 0000 0000 0086 0000 003E 0008 0009 000A
10C 0022 000A 0020 0000 0000 0000 010C 0000 003F 0008 0009 000A
18C 0001 000A 0020 0000 0000 0000 018C 0000 0040 0008 0009 000A
21A 0000 000A 0020 0000 0000 0000 021A 0000 0041 0008 0009 000A
293 0010 000A 0020 0000 0000 0000 0293 0000 0042 0008 0009 000A
313 0010 000A 0020 0000 0000 0000 0313 0000 0043 0008 0009 000A
393 0002 000A 0020 0000 0000 0000 0393 0000 0044 0008 0009 000A
413 0022 000A 0020 0000 0000 0000 0413 0000 0045 0008 0009 000A
48C 0002 000A 0020 0000 0000 0000 048C 0000 0046 0008 0009 000A
