0 0012 000A 0001 0000 0000 0000 0000 0000 000B 0008 0009 000A
86 0020 000A 0001 0000 0000 0000 0086 0000 000C 0008 0009 000A
10C 0011 000A 0001 0000 0000 0000 010C 0000 000D 0008 0009 000A
180 0011 000A 0001 0000 0000 0000 0180 0000 000E 0008 0009 000A
200 0020 000A 0001 0000 0000 0000 0200 0000 000F 0008 0009 000A
279 0020 000A 0001 0000 0000 0000 0279 0000 0010 0008 0009 000A
2F9 0000 000A 0001 0000 0000 0000 02F9 0000 0011 0008 0009 000A
379 0002 000A 0001 0000 0000 0000 0379 0000 0012 0008 0009 000A
3F2 0000 000A 0001 0000 0000 0000 03F2 0000 0013 0008 0009 000A
472 0012 000A 0001 0000 0000 0000 0472 0000 0014 0008 0009 000A
