0 0021 000A 0011 0000 0000 0000 0000 0000 0029 0008 0009 000A
8E 0021 000A 0011 0000 0000 0000 008E 0000 002A 0008 0009 000A
114 0022 000A 0011 0000 0000 0000 0114 0000 002B 0008 0009 000A
18D 0000 000A 0011 0000 0000 0000 018D 0000 002C 0008 0009 000A
201 0002 000A 0011 0000 0000 0000 0201 0000 002D 0008 0009 000A
287 0022 000A 0011 0000 0000 0000 0287 0000 002E 0008 0009 000A
307 0000 000A 0011 0000 0000 0000 0307 0000 002F 0008 0009 000A
387 0010 000A 0011 0000 0000 0000 0387 0000 0030 0008 0009 000A
407 0020 000A 0011 0000 0000 0000 0407 0000 0031 0008 0009 000A
487 0000 000A 0011 0000 0000 0000 0487 0000 0032 0008 0009 000A
