0 0012 000A 0021 0000 0000 0000 0000 0000 0047 0008 0009 000A
8E 0011 000A 0021 0000 0000 0000 008E 0000 0048 0008 0009 000A
102 0011 000A 0021 0000 0000 0000 0102 0000 0049 0008 0009 000A
17B 0001 000A 0021 0000 0000 0000 017B 0000 004A 0008 0009 000A
201 0010 000A 0021 0000 0000 0000 0201 0000 004B 0008 0009 000A
287 0001 000A 0021 0000 0000 0000 0287 0000 004C 0008 0009 000A
300 0020 000A 0021 0000 0000 0000 0300 0000 004D 0008 0009 000A
380 0002 000A 0021 0000 0000 0000 0380 0000 004E 0008 0009 000A
400 0020 000A 0021 0000 0000 0000 0400 0000 004F 0008 0009 000A
480 0010 000A 0021 0000 0000 0000 0480 0000 0050 0008 0009 000A
