0 0020 000A 0002 0000 0000 0000 0000 0000 0015 0008 0009 000A
86 0001 000A 0002 0000 0000 0000 0086 0000 0016 0008 0009 000A
106 0022 000A 0002 0000 0000 0000 0106 0000 0017 0008 0009 000A
18C 0020 000A 0002 0000 0000 0000 018C 0000 0018 0008 0009 000A
20C 0021 000A 0002 0000 0000 0000 020C 0000 0019 0008 0009 000A
28C 0012 000A 0002 0000 0000 0000 028C 0000 001A 0008 0009 000A
30C 0001 000A 0002 0000 0000 0000 030C 0000 001B 0008 0009 000A
39A 0011 000A 0002 0000 0000 0000 039A 0000 001C 0008 0009 000A
413 0001 000A 0002 0000 0000 0000 0413 0000 001D 0008 0009 000A
48C 0021 000A 0002 0000 0000 0000 048C 0000 001E 0008 0009 000A
