0 0021 000A 0012 0000 0000 0000 0000 0000 0033 0008 0009 000A
8E 0021 000A 0012 0000 0000 0000 008E 0000 0034 0008 0009 000A
114 0021 000A 0012 0000 0000 0000 0114 0000 0035 0008 0009 000A
194 0010 000A 0012 0000 0000 0000 0194 0000 0036 0008 0009 000A
20D 0010 000A 0012 0000 0000 0000 020D 0000 0037 0008 0009 000A
286 0001 000A 0012 0000 0000 0000 0286 0000 0038 0008 0009 000A
306 0002 000A 0012 0000 0000 0000 0306 0000 0039 0008 0009 000A
386 0002 000A 0012 0000 0000 0000 0386 0000 003A 0008 0009 000A
40C 0002 000A 0012 0000 0000 0000 040C 0000 003B 0008 0009 000A
48C 0011 000A 0012 0000 0000 0000 048C 0000 003C 0008 0009 000A
