0 0011 000A 0022 0000 0000 0000 0000 0000 0051 0008 0009 000A
74 0000 000A 0022 0000 0000 0000 0074 0000 0052 0008 0009 000A
FA 0012 000A 0022 0000 0000 0000 00FA 0000 0053 0008 0009 000A
17A 0000 000A 0022 0000 0000 0000 017A 0000 0054 0008 0009 000A
208 0021 000A 0022 0000 0000 0000 0208 0000 0055 0008 0009 000A
288 0000 000A 0022 0000 0000 0000 0288 0000 0056 0008 0009 000A
308 0000 000A 0022 0000 0000 0000 0308 0000 0057 0008 0009 000A
381 0012 000A 0022 0000 0000 0000 0381 0000 0058 0008 0009 000A
3FA 0021 000A 0022 0000 0000 0000 03FA 0000 0059 0008 0009 000A
47A 0002 000A 0022 0000 0000 0000 047A 0000 005A 0008 0009 000A
